 CODE: Arbitrarily High Order Transport 3D with or without ITM
 VERSION: Modified versions of codes originally by Y. Azmy, et al.
 AUTHOR: Robert Joseph Zerr
 Ran on  6-20-2014 at time 20:18:11

 -----------------------------------------------------------------------------

   No input errors have been detected.


 -------------------- BEGIN INPUT ECHO ------------------------------------


 Test problem 3d                                                                 
 AHOT Order =     1
 AHOT-N-3D Method
 Angular Order N =     4
 Number of x-cells =     4
 Number of y-cells =     4
 Number of z-cells =     4
 Number of energy groups =     1
 Number of materials =     1

 Iteration Control Parameters
 Maximum number of iterations =  6000
 Pointwise convergence criterion =  1.000E-12
 Highest moment converged =     0

 Data read from input file: inp4    

 Material map read from file: mat4    
 Cross sections from file: xs      
 Source data from file: src_4.da
 Output written to file: NEFD    

 EQN-type Discrete Ordinates/Octant
  n    mu      eta       xi       w
  1  0.35002  0.35002  0.86889  0.04167
  2  0.35002  0.86889  0.35002  0.04167
  3  0.86889  0.35002  0.35002  0.04167

 Boundary Conditions: 0-Vacuum, 1-Reflective
 x-lo  x-hi  y-lo  y-hi  z-lo  z-hi
  2     2     2     2     2     2


 x-dimension of cells 1 to     4
   2.500E-01 2.500E-01 2.500E-01 2.500E-01

 y-dimension of cells 1 to     4
   2.500E-01 2.500E-01 2.500E-01 2.500E-01

 z-dimension of cells 1 to     4
   2.500E-01 2.500E-01 2.500E-01 2.500E-01

 Cross Section Data
  Material    Group  Sigma_t      Sigma_s
     1           1    1.100E+00    2.000E-01

 Material map for z-plane:     1
 Row   1   2   3   4 
  4    1   1   1   1
  3    1   1   1   1
  2    1   1   1   1
  1    1   1   1   1

 Material map for z-plane:     2
 Row   1   2   3   4 
  4    1   1   1   1
  3    1   1   1   1
  2    1   1   1   1
  1    1   1   1   1

 Material map for z-plane:     3
 Row   1   2   3   4 
  4    1   1   1   1
  3    1   1   1   1
  2    1   1   1   1
  1    1   1   1   1

 Material map for z-plane:     4
 Row   1   2   3   4 
  4    1   1   1   1
  3    1   1   1   1
  2    1   1   1   1
  1    1   1   1   1

 Source for Group:   1 Moment  0 0 0  z-plane(k):   1 Row(j):   1
   1.295E+00 1.382E+00 1.382E+00 1.295E+00

 Source for Group:   1 Moment  0 0 0  z-plane(k):   1 Row(j):   2
   1.382E+00 1.453E+00 1.453E+00 1.382E+00

 Source for Group:   1 Moment  0 0 0  z-plane(k):   1 Row(j):   3
   1.382E+00 1.453E+00 1.453E+00 1.382E+00

 Source for Group:   1 Moment  0 0 0  z-plane(k):   1 Row(j):   4
   1.295E+00 1.382E+00 1.382E+00 1.295E+00

 Source for Group:   1 Moment  0 0 0  z-plane(k):   2 Row(j):   1
   1.422E+00 1.478E+00 1.478E+00 1.422E+00

 Source for Group:   1 Moment  0 0 0  z-plane(k):   2 Row(j):   2
   1.478E+00 1.523E+00 1.523E+00 1.478E+00

 Source for Group:   1 Moment  0 0 0  z-plane(k):   2 Row(j):   3
   1.478E+00 1.523E+00 1.523E+00 1.478E+00

 Source for Group:   1 Moment  0 0 0  z-plane(k):   2 Row(j):   4
   1.422E+00 1.478E+00 1.478E+00 1.422E+00

 Source for Group:   1 Moment  0 0 0  z-plane(k):   3 Row(j):   1
   1.422E+00 1.478E+00 1.478E+00 1.422E+00

 Source for Group:   1 Moment  0 0 0  z-plane(k):   3 Row(j):   2
   1.478E+00 1.523E+00 1.523E+00 1.478E+00

 Source for Group:   1 Moment  0 0 0  z-plane(k):   3 Row(j):   3
   1.478E+00 1.523E+00 1.523E+00 1.478E+00

 Source for Group:   1 Moment  0 0 0  z-plane(k):   3 Row(j):   4
   1.422E+00 1.478E+00 1.478E+00 1.422E+00

 Source for Group:   1 Moment  0 0 0  z-plane(k):   4 Row(j):   1
   1.295E+00 1.382E+00 1.382E+00 1.295E+00

 Source for Group:   1 Moment  0 0 0  z-plane(k):   4 Row(j):   2
   1.382E+00 1.453E+00 1.453E+00 1.382E+00

 Source for Group:   1 Moment  0 0 0  z-plane(k):   4 Row(j):   3
   1.382E+00 1.453E+00 1.453E+00 1.382E+00

 Source for Group:   1 Moment  0 0 0  z-plane(k):   4 Row(j):   4
   1.295E+00 1.382E+00 1.382E+00 1.295E+00

 Source for Group:   1 Moment  1 0 0  z-plane(k):   1 Row(j):   1
   2.326E-02 6.551E-03-6.551E-03-2.326E-02

 Source for Group:   1 Moment  1 0 0  z-plane(k):   1 Row(j):   2
   1.922E-02 5.376E-03-5.376E-03-1.922E-02

 Source for Group:   1 Moment  1 0 0  z-plane(k):   1 Row(j):   3
   1.922E-02 5.376E-03-5.376E-03-1.922E-02

 Source for Group:   1 Moment  1 0 0  z-plane(k):   1 Row(j):   4
   2.326E-02 6.551E-03-6.551E-03-2.326E-02

 Source for Group:   1 Moment  1 0 0  z-plane(k):   2 Row(j):   1
   1.488E-02 4.186E-03-4.186E-03-1.488E-02

 Source for Group:   1 Moment  1 0 0  z-plane(k):   2 Row(j):   2
   1.213E-02 3.389E-03-3.389E-03-1.213E-02

 Source for Group:   1 Moment  1 0 0  z-plane(k):   2 Row(j):   3
   1.213E-02 3.389E-03-3.389E-03-1.213E-02

 Source for Group:   1 Moment  1 0 0  z-plane(k):   2 Row(j):   4
   1.488E-02 4.186E-03-4.186E-03-1.488E-02

 Source for Group:   1 Moment  1 0 0  z-plane(k):   3 Row(j):   1
   1.488E-02 4.186E-03-4.186E-03-1.488E-02

 Source for Group:   1 Moment  1 0 0  z-plane(k):   3 Row(j):   2
   1.213E-02 3.389E-03-3.389E-03-1.213E-02

 Source for Group:   1 Moment  1 0 0  z-plane(k):   3 Row(j):   3
   1.213E-02 3.389E-03-3.389E-03-1.213E-02

 Source for Group:   1 Moment  1 0 0  z-plane(k):   3 Row(j):   4
   1.488E-02 4.186E-03-4.186E-03-1.488E-02

 Source for Group:   1 Moment  1 0 0  z-plane(k):   4 Row(j):   1
   2.326E-02 6.551E-03-6.551E-03-2.326E-02

 Source for Group:   1 Moment  1 0 0  z-plane(k):   4 Row(j):   2
   1.922E-02 5.376E-03-5.376E-03-1.922E-02

 Source for Group:   1 Moment  1 0 0  z-plane(k):   4 Row(j):   3
   1.922E-02 5.376E-03-5.376E-03-1.922E-02

 Source for Group:   1 Moment  1 0 0  z-plane(k):   4 Row(j):   4
   2.326E-02 6.551E-03-6.551E-03-2.326E-02

 Source for Group:   1 Moment  0 1 0  z-plane(k):   1 Row(j):   1
   2.326E-02 1.922E-02 1.922E-02 2.326E-02

 Source for Group:   1 Moment  0 1 0  z-plane(k):   1 Row(j):   2
   6.551E-03 5.376E-03 5.376E-03 6.551E-03

 Source for Group:   1 Moment  0 1 0  z-plane(k):   1 Row(j):   3
  -6.551E-03-5.376E-03-5.376E-03-6.551E-03

 Source for Group:   1 Moment  0 1 0  z-plane(k):   1 Row(j):   4
  -2.326E-02-1.922E-02-1.922E-02-2.326E-02

 Source for Group:   1 Moment  0 1 0  z-plane(k):   2 Row(j):   1
   1.488E-02 1.213E-02 1.213E-02 1.488E-02

 Source for Group:   1 Moment  0 1 0  z-plane(k):   2 Row(j):   2
   4.186E-03 3.389E-03 3.389E-03 4.186E-03

 Source for Group:   1 Moment  0 1 0  z-plane(k):   2 Row(j):   3
  -4.186E-03-3.389E-03-3.389E-03-4.186E-03

 Source for Group:   1 Moment  0 1 0  z-plane(k):   2 Row(j):   4
  -1.488E-02-1.213E-02-1.213E-02-1.488E-02

 Source for Group:   1 Moment  0 1 0  z-plane(k):   3 Row(j):   1
   1.488E-02 1.213E-02 1.213E-02 1.488E-02

 Source for Group:   1 Moment  0 1 0  z-plane(k):   3 Row(j):   2
   4.186E-03 3.389E-03 3.389E-03 4.186E-03

 Source for Group:   1 Moment  0 1 0  z-plane(k):   3 Row(j):   3
  -4.186E-03-3.389E-03-3.389E-03-4.186E-03

 Source for Group:   1 Moment  0 1 0  z-plane(k):   3 Row(j):   4
  -1.488E-02-1.213E-02-1.213E-02-1.488E-02

 Source for Group:   1 Moment  0 1 0  z-plane(k):   4 Row(j):   1
   2.326E-02 1.922E-02 1.922E-02 2.326E-02

 Source for Group:   1 Moment  0 1 0  z-plane(k):   4 Row(j):   2
   6.551E-03 5.376E-03 5.376E-03 6.551E-03

 Source for Group:   1 Moment  0 1 0  z-plane(k):   4 Row(j):   3
  -6.551E-03-5.376E-03-5.376E-03-6.551E-03

 Source for Group:   1 Moment  0 1 0  z-plane(k):   4 Row(j):   4
  -2.326E-02-1.922E-02-1.922E-02-2.326E-02

 Source for Group:   1 Moment  1 1 0  z-plane(k):   1 Row(j):   1
  -1.069E-03-3.120E-04 3.120E-04 1.069E-03

 Source for Group:   1 Moment  1 1 0  z-plane(k):   1 Row(j):   2
  -3.120E-04-9.073E-05 9.073E-05 3.120E-04

 Source for Group:   1 Moment  1 1 0  z-plane(k):   1 Row(j):   3
   3.120E-04 9.073E-05-9.073E-05-3.120E-04

 Source for Group:   1 Moment  1 1 0  z-plane(k):   1 Row(j):   4
   1.069E-03 3.120E-04-3.120E-04-1.069E-03

 Source for Group:   1 Moment  1 1 0  z-plane(k):   2 Row(j):   1
  -7.320E-04-2.122E-04 2.122E-04 7.320E-04

 Source for Group:   1 Moment  1 1 0  z-plane(k):   2 Row(j):   2
  -2.122E-04-6.131E-05 6.131E-05 2.122E-04

 Source for Group:   1 Moment  1 1 0  z-plane(k):   2 Row(j):   3
   2.122E-04 6.131E-05-6.131E-05-2.122E-04

 Source for Group:   1 Moment  1 1 0  z-plane(k):   2 Row(j):   4
   7.320E-04 2.122E-04-2.122E-04-7.320E-04

 Source for Group:   1 Moment  1 1 0  z-plane(k):   3 Row(j):   1
  -7.320E-04-2.122E-04 2.122E-04 7.320E-04

 Source for Group:   1 Moment  1 1 0  z-plane(k):   3 Row(j):   2
  -2.122E-04-6.131E-05 6.131E-05 2.122E-04

 Source for Group:   1 Moment  1 1 0  z-plane(k):   3 Row(j):   3
   2.122E-04 6.131E-05-6.131E-05-2.122E-04

 Source for Group:   1 Moment  1 1 0  z-plane(k):   3 Row(j):   4
   7.320E-04 2.122E-04-2.122E-04-7.320E-04

 Source for Group:   1 Moment  1 1 0  z-plane(k):   4 Row(j):   1
  -1.069E-03-3.120E-04 3.120E-04 1.069E-03

 Source for Group:   1 Moment  1 1 0  z-plane(k):   4 Row(j):   2
  -3.120E-04-9.073E-05 9.073E-05 3.120E-04

 Source for Group:   1 Moment  1 1 0  z-plane(k):   4 Row(j):   3
   3.120E-04 9.073E-05-9.073E-05-3.120E-04

 Source for Group:   1 Moment  1 1 0  z-plane(k):   4 Row(j):   4
   1.069E-03 3.120E-04-3.120E-04-1.069E-03

 Source for Group:   1 Moment  0 0 1  z-plane(k):   1 Row(j):   1
   3.451E-02 2.605E-02 2.605E-02 3.451E-02

 Source for Group:   1 Moment  0 0 1  z-plane(k):   1 Row(j):   2
   2.605E-02 1.890E-02 1.890E-02 2.605E-02

 Source for Group:   1 Moment  0 0 1  z-plane(k):   1 Row(j):   3
   2.605E-02 1.890E-02 1.890E-02 2.605E-02

 Source for Group:   1 Moment  0 0 1  z-plane(k):   1 Row(j):   4
   3.451E-02 2.605E-02 2.605E-02 3.451E-02

 Source for Group:   1 Moment  0 0 1  z-plane(k):   2 Row(j):   1
   9.483E-03 7.153E-03 7.153E-03 9.483E-03

 Source for Group:   1 Moment  0 0 1  z-plane(k):   2 Row(j):   2
   7.153E-03 5.188E-03 5.188E-03 7.153E-03

 Source for Group:   1 Moment  0 0 1  z-plane(k):   2 Row(j):   3
   7.153E-03 5.188E-03 5.188E-03 7.153E-03

 Source for Group:   1 Moment  0 0 1  z-plane(k):   2 Row(j):   4
   9.483E-03 7.153E-03 7.153E-03 9.483E-03

 Source for Group:   1 Moment  0 0 1  z-plane(k):   3 Row(j):   1
  -9.483E-03-7.153E-03-7.153E-03-9.483E-03

 Source for Group:   1 Moment  0 0 1  z-plane(k):   3 Row(j):   2
  -7.153E-03-5.188E-03-5.188E-03-7.153E-03

 Source for Group:   1 Moment  0 0 1  z-plane(k):   3 Row(j):   3
  -7.153E-03-5.188E-03-5.188E-03-7.153E-03

 Source for Group:   1 Moment  0 0 1  z-plane(k):   3 Row(j):   4
  -9.483E-03-7.153E-03-7.153E-03-9.483E-03

 Source for Group:   1 Moment  0 0 1  z-plane(k):   4 Row(j):   1
  -3.451E-02-2.605E-02-2.605E-02-3.451E-02

 Source for Group:   1 Moment  0 0 1  z-plane(k):   4 Row(j):   2
  -2.605E-02-1.890E-02-1.890E-02-2.605E-02

 Source for Group:   1 Moment  0 0 1  z-plane(k):   4 Row(j):   3
  -2.605E-02-1.890E-02-1.890E-02-2.605E-02

 Source for Group:   1 Moment  0 0 1  z-plane(k):   4 Row(j):   4
  -3.451E-02-2.605E-02-2.605E-02-3.451E-02

 Source for Group:   1 Moment  1 0 1  z-plane(k):   1 Row(j):   1
  -2.275E-03-6.425E-04 6.425E-04 2.275E-03

 Source for Group:   1 Moment  1 0 1  z-plane(k):   1 Row(j):   2
  -1.929E-03-5.400E-04 5.400E-04 1.929E-03

 Source for Group:   1 Moment  1 0 1  z-plane(k):   1 Row(j):   3
  -1.929E-03-5.400E-04 5.400E-04 1.929E-03

 Source for Group:   1 Moment  1 0 1  z-plane(k):   1 Row(j):   4
  -2.275E-03-6.425E-04 6.425E-04 2.275E-03

 Source for Group:   1 Moment  1 0 1  z-plane(k):   2 Row(j):   1
  -6.262E-04-1.768E-04 1.768E-04 6.262E-04

 Source for Group:   1 Moment  1 0 1  z-plane(k):   2 Row(j):   2
  -5.302E-04-1.485E-04 1.485E-04 5.302E-04

 Source for Group:   1 Moment  1 0 1  z-plane(k):   2 Row(j):   3
  -5.302E-04-1.485E-04 1.485E-04 5.302E-04

 Source for Group:   1 Moment  1 0 1  z-plane(k):   2 Row(j):   4
  -6.262E-04-1.768E-04 1.768E-04 6.262E-04

 Source for Group:   1 Moment  1 0 1  z-plane(k):   3 Row(j):   1
   6.262E-04 1.768E-04-1.768E-04-6.262E-04

 Source for Group:   1 Moment  1 0 1  z-plane(k):   3 Row(j):   2
   5.302E-04 1.485E-04-1.485E-04-5.302E-04

 Source for Group:   1 Moment  1 0 1  z-plane(k):   3 Row(j):   3
   5.302E-04 1.485E-04-1.485E-04-5.302E-04

 Source for Group:   1 Moment  1 0 1  z-plane(k):   3 Row(j):   4
   6.262E-04 1.768E-04-1.768E-04-6.262E-04

 Source for Group:   1 Moment  1 0 1  z-plane(k):   4 Row(j):   1
   2.275E-03 6.425E-04-6.425E-04-2.275E-03

 Source for Group:   1 Moment  1 0 1  z-plane(k):   4 Row(j):   2
   1.929E-03 5.400E-04-5.400E-04-1.929E-03

 Source for Group:   1 Moment  1 0 1  z-plane(k):   4 Row(j):   3
   1.929E-03 5.400E-04-5.400E-04-1.929E-03

 Source for Group:   1 Moment  1 0 1  z-plane(k):   4 Row(j):   4
   2.275E-03 6.425E-04-6.425E-04-2.275E-03

 Source for Group:   1 Moment  0 1 1  z-plane(k):   1 Row(j):   1
  -2.275E-03-1.929E-03-1.929E-03-2.275E-03

 Source for Group:   1 Moment  0 1 1  z-plane(k):   1 Row(j):   2
  -6.425E-04-5.400E-04-5.400E-04-6.425E-04

 Source for Group:   1 Moment  0 1 1  z-plane(k):   1 Row(j):   3
   6.425E-04 5.400E-04 5.400E-04 6.425E-04

 Source for Group:   1 Moment  0 1 1  z-plane(k):   1 Row(j):   4
   2.275E-03 1.929E-03 1.929E-03 2.275E-03

 Source for Group:   1 Moment  0 1 1  z-plane(k):   2 Row(j):   1
  -6.262E-04-5.302E-04-5.302E-04-6.262E-04

 Source for Group:   1 Moment  0 1 1  z-plane(k):   2 Row(j):   2
  -1.768E-04-1.485E-04-1.485E-04-1.768E-04

 Source for Group:   1 Moment  0 1 1  z-plane(k):   2 Row(j):   3
   1.768E-04 1.485E-04 1.485E-04 1.768E-04

 Source for Group:   1 Moment  0 1 1  z-plane(k):   2 Row(j):   4
   6.262E-04 5.302E-04 5.302E-04 6.262E-04

 Source for Group:   1 Moment  0 1 1  z-plane(k):   3 Row(j):   1
   6.262E-04 5.302E-04 5.302E-04 6.262E-04

 Source for Group:   1 Moment  0 1 1  z-plane(k):   3 Row(j):   2
   1.768E-04 1.485E-04 1.485E-04 1.768E-04

 Source for Group:   1 Moment  0 1 1  z-plane(k):   3 Row(j):   3
  -1.768E-04-1.485E-04-1.485E-04-1.768E-04

 Source for Group:   1 Moment  0 1 1  z-plane(k):   3 Row(j):   4
  -6.262E-04-5.302E-04-5.302E-04-6.262E-04

 Source for Group:   1 Moment  0 1 1  z-plane(k):   4 Row(j):   1
   2.275E-03 1.929E-03 1.929E-03 2.275E-03

 Source for Group:   1 Moment  0 1 1  z-plane(k):   4 Row(j):   2
   6.425E-04 5.400E-04 5.400E-04 6.425E-04

 Source for Group:   1 Moment  0 1 1  z-plane(k):   4 Row(j):   3
  -6.425E-04-5.400E-04-5.400E-04-6.425E-04

 Source for Group:   1 Moment  0 1 1  z-plane(k):   4 Row(j):   4
  -2.275E-03-1.929E-03-1.929E-03-2.275E-03

 Source for Group:   1 Moment  1 1 1  z-plane(k):   1 Row(j):   1
   9.118E-05 2.704E-05-2.704E-05-9.118E-05

 Source for Group:   1 Moment  1 1 1  z-plane(k):   1 Row(j):   2
   2.704E-05 7.970E-06-7.970E-06-2.704E-05

 Source for Group:   1 Moment  1 1 1  z-plane(k):   1 Row(j):   3
  -2.704E-05-7.970E-06 7.970E-06 2.704E-05

 Source for Group:   1 Moment  1 1 1  z-plane(k):   1 Row(j):   4
  -9.118E-05-2.704E-05 2.704E-05 9.118E-05

 Source for Group:   1 Moment  1 1 1  z-plane(k):   2 Row(j):   1
   2.530E-05 7.494E-06-7.494E-06-2.530E-05

 Source for Group:   1 Moment  1 1 1  z-plane(k):   2 Row(j):   2
   7.494E-06 2.207E-06-2.207E-06-7.494E-06

 Source for Group:   1 Moment  1 1 1  z-plane(k):   2 Row(j):   3
  -7.494E-06-2.207E-06 2.207E-06 7.494E-06

 Source for Group:   1 Moment  1 1 1  z-plane(k):   2 Row(j):   4
  -2.530E-05-7.494E-06 7.494E-06 2.530E-05

 Source for Group:   1 Moment  1 1 1  z-plane(k):   3 Row(j):   1
  -2.530E-05-7.494E-06 7.494E-06 2.530E-05

 Source for Group:   1 Moment  1 1 1  z-plane(k):   3 Row(j):   2
  -7.494E-06-2.207E-06 2.207E-06 7.494E-06

 Source for Group:   1 Moment  1 1 1  z-plane(k):   3 Row(j):   3
   7.494E-06 2.207E-06-2.207E-06-7.494E-06

 Source for Group:   1 Moment  1 1 1  z-plane(k):   3 Row(j):   4
   2.530E-05 7.494E-06-7.494E-06-2.530E-05

 Source for Group:   1 Moment  1 1 1  z-plane(k):   4 Row(j):   1
  -9.118E-05-2.704E-05 2.704E-05 9.118E-05

 Source for Group:   1 Moment  1 1 1  z-plane(k):   4 Row(j):   2
  -2.704E-05-7.970E-06 7.970E-06 2.704E-05

 Source for Group:   1 Moment  1 1 1  z-plane(k):   4 Row(j):   3
   2.704E-05 7.970E-06-7.970E-06-2.704E-05

 Source for Group:   1 Moment  1 1 1  z-plane(k):   4 Row(j):   4
   9.118E-05 2.704E-05-2.704E-05-9.118E-05

 Fixed inflow boundary conditions:

 >> Discrete Ordinate     1

 > Front boundary condition: 
  (mu,eta,xi)=   3.5002E-01  3.5002E-01  8.6889E-01
  Spatial order in (z,x):     0    0
        x->           1           2           3           4
     z    1  2.7959E+00  2.2639E+00  2.0213E+00  1.9108E+00
          2  3.1600E+00  2.4298E+00  2.0970E+00  1.9453E+00
          3  3.6595E+00  2.6575E+00  2.2008E+00  1.9926E+00
          4  4.3451E+00  2.9700E+00  2.3432E+00  2.0575E+00
  Spatial order in (z,x):     0    1
        x->           1           2           3           4
     z    1 -1.2673E-01 -5.7767E-02 -2.6331E-02 -1.2002E-02
          2 -1.7392E-01 -7.9274E-02 -3.6134E-02 -1.6471E-02
          3 -2.3867E-01 -1.0879E-01 -4.9587E-02 -2.2603E-02
          4 -3.2753E-01 -1.4929E-01 -6.8049E-02 -3.1018E-02
  Spatial order in (z,x):     1    0
        x->           1           2           3           4
     z    1  5.1490E-02  2.3470E-02  1.0698E-02  4.8763E-03
          2  7.0660E-02  3.2208E-02  1.4681E-02  6.6917E-03
          3  9.6967E-02  4.4199E-02  2.0147E-02  9.1831E-03
          4  1.3307E-01  6.0655E-02  2.7647E-02  1.2602E-02
  Spatial order in (z,x):     1    1
        x->           1           2           3           4
     z    1 -6.6739E-03 -3.0421E-03 -1.3866E-03 -6.3204E-04
          2 -9.1587E-03 -4.1747E-03 -1.9029E-03 -8.6736E-04
          3 -1.2569E-02 -5.7289E-03 -2.6113E-03 -1.1903E-03
          4 -1.7248E-02 -7.8619E-03 -3.5836E-03 -1.6334E-03
  (mu,eta,xi)=  -3.5002E-01  3.5002E-01  8.6889E-01
  Spatial order in (z,x):     0    0
        x->           1           2           3           4
     z    1  1.9108E+00  2.0213E+00  2.2639E+00  2.7959E+00
          2  1.9453E+00  2.0970E+00  2.4298E+00  3.1600E+00
          3  1.9926E+00  2.2008E+00  2.6575E+00  3.6595E+00
          4  2.0575E+00  2.3432E+00  2.9700E+00  4.3451E+00
  Spatial order in (z,x):     0    1
        x->           1           2           3           4
     z    1  1.2002E-02  2.6331E-02  5.7767E-02  1.2673E-01
          2  1.6471E-02  3.6134E-02  7.9274E-02  1.7392E-01
          3  2.2603E-02  4.9587E-02  1.0879E-01  2.3867E-01
          4  3.1018E-02  6.8049E-02  1.4929E-01  3.2753E-01
  Spatial order in (z,x):     1    0
        x->           1           2           3           4
     z    1  4.8763E-03  1.0698E-02  2.3470E-02  5.1490E-02
          2  6.6917E-03  1.4681E-02  3.2208E-02  7.0660E-02
          3  9.1831E-03  2.0147E-02  4.4199E-02  9.6967E-02
          4  1.2602E-02  2.7647E-02  6.0655E-02  1.3307E-01
  Spatial order in (z,x):     1    1
        x->           1           2           3           4
     z    1  6.3204E-04  1.3866E-03  3.0421E-03  6.6739E-03
          2  8.6736E-04  1.9029E-03  4.1747E-03  9.1587E-03
          3  1.1903E-03  2.6113E-03  5.7289E-03  1.2569E-02
          4  1.6334E-03  3.5836E-03  7.8619E-03  1.7248E-02
  (mu,eta,xi)=   3.5002E-01  3.5002E-01 -8.6889E-01
  Spatial order in (z,x):     0    0
        x->           1           2           3           4
     z    1  4.3451E+00  2.9700E+00  2.3432E+00  2.0575E+00
          2  3.6595E+00  2.6575E+00  2.2008E+00  1.9926E+00
          3  3.1600E+00  2.4298E+00  2.0970E+00  1.9453E+00
          4  2.7959E+00  2.2639E+00  2.0213E+00  1.9108E+00
  Spatial order in (z,x):     0    1
        x->           1           2           3           4
     z    1 -3.2753E-01 -1.4929E-01 -6.8049E-02 -3.1018E-02
          2 -2.3867E-01 -1.0879E-01 -4.9587E-02 -2.2603E-02
          3 -1.7392E-01 -7.9274E-02 -3.6134E-02 -1.6471E-02
          4 -1.2673E-01 -5.7767E-02 -2.6331E-02 -1.2002E-02
  Spatial order in (z,x):     1    0
        x->           1           2           3           4
     z    1 -1.3307E-01 -6.0655E-02 -2.7647E-02 -1.2602E-02
          2 -9.6967E-02 -4.4199E-02 -2.0147E-02 -9.1831E-03
          3 -7.0660E-02 -3.2208E-02 -1.4681E-02 -6.6917E-03
          4 -5.1490E-02 -2.3470E-02 -1.0698E-02 -4.8763E-03
  Spatial order in (z,x):     1    1
        x->           1           2           3           4
     z    1  1.7248E-02  7.8619E-03  3.5836E-03  1.6334E-03
          2  1.2569E-02  5.7289E-03  2.6113E-03  1.1903E-03
          3  9.1587E-03  4.1747E-03  1.9029E-03  8.6736E-04
          4  6.6739E-03  3.0421E-03  1.3866E-03  6.3204E-04
  (mu,eta,xi)=  -3.5002E-01  3.5002E-01 -8.6889E-01
  Spatial order in (z,x):     0    0
        x->           1           2           3           4
     z    1  2.0575E+00  2.3432E+00  2.9700E+00  4.3451E+00
          2  1.9926E+00  2.2008E+00  2.6575E+00  3.6595E+00
          3  1.9453E+00  2.0970E+00  2.4298E+00  3.1600E+00
          4  1.9108E+00  2.0213E+00  2.2639E+00  2.7959E+00
  Spatial order in (z,x):     0    1
        x->           1           2           3           4
     z    1  3.1018E-02  6.8049E-02  1.4929E-01  3.2753E-01
          2  2.2603E-02  4.9587E-02  1.0879E-01  2.3867E-01
          3  1.6471E-02  3.6134E-02  7.9274E-02  1.7392E-01
          4  1.2002E-02  2.6331E-02  5.7767E-02  1.2673E-01
  Spatial order in (z,x):     1    0
        x->           1           2           3           4
     z    1 -1.2602E-02 -2.7647E-02 -6.0655E-02 -1.3307E-01
          2 -9.1831E-03 -2.0147E-02 -4.4199E-02 -9.6967E-02
          3 -6.6917E-03 -1.4681E-02 -3.2208E-02 -7.0660E-02
          4 -4.8763E-03 -1.0698E-02 -2.3470E-02 -5.1490E-02
  Spatial order in (z,x):     1    1
        x->           1           2           3           4
     z    1 -1.6334E-03 -3.5836E-03 -7.8619E-03 -1.7248E-02
          2 -1.1903E-03 -2.6113E-03 -5.7289E-03 -1.2569E-02
          3 -8.6736E-04 -1.9029E-03 -4.1747E-03 -9.1587E-03
          4 -6.3204E-04 -1.3866E-03 -3.0421E-03 -6.6739E-03
 > Back boundary condition: 
  (mu,eta,xi)=   3.5002E-01 -3.5002E-01  8.6889E-01
  Spatial order in (z,x):     0    0
        x->           1           2           3           4
     z    1  2.7959E+00  2.2639E+00  2.0213E+00  1.9108E+00
          2  3.1600E+00  2.4298E+00  2.0970E+00  1.9453E+00
          3  3.6595E+00  2.6575E+00  2.2008E+00  1.9926E+00
          4  4.3451E+00  2.9700E+00  2.3432E+00  2.0575E+00
  Spatial order in (z,x):     0    1
        x->           1           2           3           4
     z    1 -1.2673E-01 -5.7767E-02 -2.6331E-02 -1.2002E-02
          2 -1.7392E-01 -7.9274E-02 -3.6134E-02 -1.6471E-02
          3 -2.3867E-01 -1.0879E-01 -4.9587E-02 -2.2603E-02
          4 -3.2753E-01 -1.4929E-01 -6.8049E-02 -3.1018E-02
  Spatial order in (z,x):     1    0
        x->           1           2           3           4
     z    1  5.1490E-02  2.3470E-02  1.0698E-02  4.8763E-03
          2  7.0660E-02  3.2208E-02  1.4681E-02  6.6917E-03
          3  9.6967E-02  4.4199E-02  2.0147E-02  9.1831E-03
          4  1.3307E-01  6.0655E-02  2.7647E-02  1.2602E-02
  Spatial order in (z,x):     1    1
        x->           1           2           3           4
     z    1 -6.6739E-03 -3.0421E-03 -1.3866E-03 -6.3204E-04
          2 -9.1587E-03 -4.1747E-03 -1.9029E-03 -8.6736E-04
          3 -1.2569E-02 -5.7289E-03 -2.6113E-03 -1.1903E-03
          4 -1.7248E-02 -7.8619E-03 -3.5836E-03 -1.6334E-03
  (mu,eta,xi)=  -3.5002E-01 -3.5002E-01  8.6889E-01
  Spatial order in (z,x):     0    0
        x->           1           2           3           4
     z    1  1.9108E+00  2.0213E+00  2.2639E+00  2.7959E+00
          2  1.9453E+00  2.0970E+00  2.4298E+00  3.1600E+00
          3  1.9926E+00  2.2008E+00  2.6575E+00  3.6595E+00
          4  2.0575E+00  2.3432E+00  2.9700E+00  4.3451E+00
  Spatial order in (z,x):     0    1
        x->           1           2           3           4
     z    1  1.2002E-02  2.6331E-02  5.7767E-02  1.2673E-01
          2  1.6471E-02  3.6134E-02  7.9274E-02  1.7392E-01
          3  2.2603E-02  4.9587E-02  1.0879E-01  2.3867E-01
          4  3.1018E-02  6.8049E-02  1.4929E-01  3.2753E-01
  Spatial order in (z,x):     1    0
        x->           1           2           3           4
     z    1  4.8763E-03  1.0698E-02  2.3470E-02  5.1490E-02
          2  6.6917E-03  1.4681E-02  3.2208E-02  7.0660E-02
          3  9.1831E-03  2.0147E-02  4.4199E-02  9.6967E-02
          4  1.2602E-02  2.7647E-02  6.0655E-02  1.3307E-01
  Spatial order in (z,x):     1    1
        x->           1           2           3           4
     z    1  6.3204E-04  1.3866E-03  3.0421E-03  6.6739E-03
          2  8.6736E-04  1.9029E-03  4.1747E-03  9.1587E-03
          3  1.1903E-03  2.6113E-03  5.7289E-03  1.2569E-02
          4  1.6334E-03  3.5836E-03  7.8619E-03  1.7248E-02
  (mu,eta,xi)=   3.5002E-01 -3.5002E-01 -8.6889E-01
  Spatial order in (z,x):     0    0
        x->           1           2           3           4
     z    1  4.3451E+00  2.9700E+00  2.3432E+00  2.0575E+00
          2  3.6595E+00  2.6575E+00  2.2008E+00  1.9926E+00
          3  3.1600E+00  2.4298E+00  2.0970E+00  1.9453E+00
          4  2.7959E+00  2.2639E+00  2.0213E+00  1.9108E+00
  Spatial order in (z,x):     0    1
        x->           1           2           3           4
     z    1 -3.2753E-01 -1.4929E-01 -6.8049E-02 -3.1018E-02
          2 -2.3867E-01 -1.0879E-01 -4.9587E-02 -2.2603E-02
          3 -1.7392E-01 -7.9274E-02 -3.6134E-02 -1.6471E-02
          4 -1.2673E-01 -5.7767E-02 -2.6331E-02 -1.2002E-02
  Spatial order in (z,x):     1    0
        x->           1           2           3           4
     z    1 -1.3307E-01 -6.0655E-02 -2.7647E-02 -1.2602E-02
          2 -9.6967E-02 -4.4199E-02 -2.0147E-02 -9.1831E-03
          3 -7.0660E-02 -3.2208E-02 -1.4681E-02 -6.6917E-03
          4 -5.1490E-02 -2.3470E-02 -1.0698E-02 -4.8763E-03
  Spatial order in (z,x):     1    1
        x->           1           2           3           4
     z    1  1.7248E-02  7.8619E-03  3.5836E-03  1.6334E-03
          2  1.2569E-02  5.7289E-03  2.6113E-03  1.1903E-03
          3  9.1587E-03  4.1747E-03  1.9029E-03  8.6736E-04
          4  6.6739E-03  3.0421E-03  1.3866E-03  6.3204E-04
  (mu,eta,xi)=  -3.5002E-01 -3.5002E-01 -8.6889E-01
  Spatial order in (z,x):     0    0
        x->           1           2           3           4
     z    1  2.0575E+00  2.3432E+00  2.9700E+00  4.3451E+00
          2  1.9926E+00  2.2008E+00  2.6575E+00  3.6595E+00
          3  1.9453E+00  2.0970E+00  2.4298E+00  3.1600E+00
          4  1.9108E+00  2.0213E+00  2.2639E+00  2.7959E+00
  Spatial order in (z,x):     0    1
        x->           1           2           3           4
     z    1  3.1018E-02  6.8049E-02  1.4929E-01  3.2753E-01
          2  2.2603E-02  4.9587E-02  1.0879E-01  2.3867E-01
          3  1.6471E-02  3.6134E-02  7.9274E-02  1.7392E-01
          4  1.2002E-02  2.6331E-02  5.7767E-02  1.2673E-01
  Spatial order in (z,x):     1    0
        x->           1           2           3           4
     z    1 -1.2602E-02 -2.7647E-02 -6.0655E-02 -1.3307E-01
          2 -9.1831E-03 -2.0147E-02 -4.4199E-02 -9.6967E-02
          3 -6.6917E-03 -1.4681E-02 -3.2208E-02 -7.0660E-02
          4 -4.8763E-03 -1.0698E-02 -2.3470E-02 -5.1490E-02
  Spatial order in (z,x):     1    1
        x->           1           2           3           4
     z    1 -1.6334E-03 -3.5836E-03 -7.8619E-03 -1.7248E-02
          2 -1.1903E-03 -2.6113E-03 -5.7289E-03 -1.2569E-02
          3 -8.6736E-04 -1.9029E-03 -4.1747E-03 -9.1587E-03
          4 -6.3204E-04 -1.3866E-03 -3.0421E-03 -6.6739E-03
 > Left boundary condition: 
  (mu,eta,xi)=   3.5002E-01  3.5002E-01  8.6889E-01
  Spatial order in (y,z):     0    0
        z->           1           2           3           4
     y    1  2.7959E+00  3.1600E+00  3.6595E+00  4.3451E+00
          2  2.2639E+00  2.4298E+00  2.6575E+00  2.9700E+00
          3  2.0213E+00  2.0970E+00  2.2008E+00  2.3432E+00
          4  1.9108E+00  1.9453E+00  1.9926E+00  2.0575E+00
  Spatial order in (y,z):     0    1
        z->           1           2           3           4
     y    1  5.1490E-02  7.0660E-02  9.6967E-02  1.3307E-01
          2  2.3470E-02  3.2208E-02  4.4199E-02  6.0655E-02
          3  1.0698E-02  1.4681E-02  2.0147E-02  2.7647E-02
          4  4.8763E-03  6.6917E-03  9.1831E-03  1.2602E-02
  Spatial order in (y,z):     1    0
        z->           1           2           3           4
     y    1 -1.2673E-01 -1.7392E-01 -2.3867E-01 -3.2753E-01
          2 -5.7767E-02 -7.9274E-02 -1.0879E-01 -1.4929E-01
          3 -2.6331E-02 -3.6134E-02 -4.9587E-02 -6.8049E-02
          4 -1.2002E-02 -1.6471E-02 -2.2603E-02 -3.1018E-02
  Spatial order in (y,z):     1    1
        z->           1           2           3           4
     y    1 -6.6739E-03 -9.1587E-03 -1.2569E-02 -1.7248E-02
          2 -3.0421E-03 -4.1747E-03 -5.7289E-03 -7.8619E-03
          3 -1.3866E-03 -1.9029E-03 -2.6113E-03 -3.5836E-03
          4 -6.3204E-04 -8.6736E-04 -1.1903E-03 -1.6334E-03
  (mu,eta,xi)=   3.5002E-01  3.5002E-01 -8.6889E-01
  Spatial order in (y,z):     0    0
        z->           1           2           3           4
     y    1  4.3451E+00  3.6595E+00  3.1600E+00  2.7959E+00
          2  2.9700E+00  2.6575E+00  2.4298E+00  2.2639E+00
          3  2.3432E+00  2.2008E+00  2.0970E+00  2.0213E+00
          4  2.0575E+00  1.9926E+00  1.9453E+00  1.9108E+00
  Spatial order in (y,z):     0    1
        z->           1           2           3           4
     y    1 -1.3307E-01 -9.6967E-02 -7.0660E-02 -5.1490E-02
          2 -6.0655E-02 -4.4199E-02 -3.2208E-02 -2.3470E-02
          3 -2.7647E-02 -2.0147E-02 -1.4681E-02 -1.0698E-02
          4 -1.2602E-02 -9.1831E-03 -6.6917E-03 -4.8763E-03
  Spatial order in (y,z):     1    0
        z->           1           2           3           4
     y    1 -3.2753E-01 -2.3867E-01 -1.7392E-01 -1.2673E-01
          2 -1.4929E-01 -1.0879E-01 -7.9274E-02 -5.7767E-02
          3 -6.8049E-02 -4.9587E-02 -3.6134E-02 -2.6331E-02
          4 -3.1018E-02 -2.2603E-02 -1.6471E-02 -1.2002E-02
  Spatial order in (y,z):     1    1
        z->           1           2           3           4
     y    1  1.7248E-02  1.2569E-02  9.1587E-03  6.6739E-03
          2  7.8619E-03  5.7289E-03  4.1747E-03  3.0421E-03
          3  3.5836E-03  2.6113E-03  1.9029E-03  1.3866E-03
          4  1.6334E-03  1.1903E-03  8.6736E-04  6.3204E-04
  (mu,eta,xi)=   3.5002E-01 -3.5002E-01  8.6889E-01
  Spatial order in (y,z):     0    0
        z->           1           2           3           4
     y    1  1.9108E+00  1.9453E+00  1.9926E+00  2.0575E+00
          2  2.0213E+00  2.0970E+00  2.2008E+00  2.3432E+00
          3  2.2639E+00  2.4298E+00  2.6575E+00  2.9700E+00
          4  2.7959E+00  3.1600E+00  3.6595E+00  4.3451E+00
  Spatial order in (y,z):     0    1
        z->           1           2           3           4
     y    1  4.8763E-03  6.6917E-03  9.1831E-03  1.2602E-02
          2  1.0698E-02  1.4681E-02  2.0147E-02  2.7647E-02
          3  2.3470E-02  3.2208E-02  4.4199E-02  6.0655E-02
          4  5.1490E-02  7.0660E-02  9.6967E-02  1.3307E-01
  Spatial order in (y,z):     1    0
        z->           1           2           3           4
     y    1  1.2002E-02  1.6471E-02  2.2603E-02  3.1018E-02
          2  2.6331E-02  3.6134E-02  4.9587E-02  6.8049E-02
          3  5.7767E-02  7.9274E-02  1.0879E-01  1.4929E-01
          4  1.2673E-01  1.7392E-01  2.3867E-01  3.2753E-01
  Spatial order in (y,z):     1    1
        z->           1           2           3           4
     y    1  6.3204E-04  8.6736E-04  1.1903E-03  1.6334E-03
          2  1.3866E-03  1.9029E-03  2.6113E-03  3.5836E-03
          3  3.0421E-03  4.1747E-03  5.7289E-03  7.8619E-03
          4  6.6739E-03  9.1587E-03  1.2569E-02  1.7248E-02
  (mu,eta,xi)=   3.5002E-01 -3.5002E-01 -8.6889E-01
  Spatial order in (y,z):     0    0
        z->           1           2           3           4
     y    1  2.0575E+00  1.9926E+00  1.9453E+00  1.9108E+00
          2  2.3432E+00  2.2008E+00  2.0970E+00  2.0213E+00
          3  2.9700E+00  2.6575E+00  2.4298E+00  2.2639E+00
          4  4.3451E+00  3.6595E+00  3.1600E+00  2.7959E+00
  Spatial order in (y,z):     0    1
        z->           1           2           3           4
     y    1 -1.2602E-02 -9.1831E-03 -6.6917E-03 -4.8763E-03
          2 -2.7647E-02 -2.0147E-02 -1.4681E-02 -1.0698E-02
          3 -6.0655E-02 -4.4199E-02 -3.2208E-02 -2.3470E-02
          4 -1.3307E-01 -9.6967E-02 -7.0660E-02 -5.1490E-02
  Spatial order in (y,z):     1    0
        z->           1           2           3           4
     y    1  3.1018E-02  2.2603E-02  1.6471E-02  1.2002E-02
          2  6.8049E-02  4.9587E-02  3.6134E-02  2.6331E-02
          3  1.4929E-01  1.0879E-01  7.9274E-02  5.7767E-02
          4  3.2753E-01  2.3867E-01  1.7392E-01  1.2673E-01
  Spatial order in (y,z):     1    1
        z->           1           2           3           4
     y    1 -1.6334E-03 -1.1903E-03 -8.6736E-04 -6.3204E-04
          2 -3.5836E-03 -2.6113E-03 -1.9029E-03 -1.3866E-03
          3 -7.8619E-03 -5.7289E-03 -4.1747E-03 -3.0421E-03
          4 -1.7248E-02 -1.2569E-02 -9.1587E-03 -6.6739E-03
 > Right boundary condition: 
  (mu,eta,xi)=  -3.5002E-01  3.5002E-01  8.6889E-01
  Spatial order in (y,z):     0    0
        z->           1           2           3           4
     y    1  2.7959E+00  3.1600E+00  3.6595E+00  4.3451E+00
          2  2.2639E+00  2.4298E+00  2.6575E+00  2.9700E+00
          3  2.0213E+00  2.0970E+00  2.2008E+00  2.3432E+00
          4  1.9108E+00  1.9453E+00  1.9926E+00  2.0575E+00
  Spatial order in (y,z):     0    1
        z->           1           2           3           4
     y    1  5.1490E-02  7.0660E-02  9.6967E-02  1.3307E-01
          2  2.3470E-02  3.2208E-02  4.4199E-02  6.0655E-02
          3  1.0698E-02  1.4681E-02  2.0147E-02  2.7647E-02
          4  4.8763E-03  6.6917E-03  9.1831E-03  1.2602E-02
  Spatial order in (y,z):     1    0
        z->           1           2           3           4
     y    1 -1.2673E-01 -1.7392E-01 -2.3867E-01 -3.2753E-01
          2 -5.7767E-02 -7.9274E-02 -1.0879E-01 -1.4929E-01
          3 -2.6331E-02 -3.6134E-02 -4.9587E-02 -6.8049E-02
          4 -1.2002E-02 -1.6471E-02 -2.2603E-02 -3.1018E-02
  Spatial order in (y,z):     1    1
        z->           1           2           3           4
     y    1 -6.6739E-03 -9.1587E-03 -1.2569E-02 -1.7248E-02
          2 -3.0421E-03 -4.1747E-03 -5.7289E-03 -7.8619E-03
          3 -1.3866E-03 -1.9029E-03 -2.6113E-03 -3.5836E-03
          4 -6.3204E-04 -8.6736E-04 -1.1903E-03 -1.6334E-03
  (mu,eta,xi)=  -3.5002E-01  3.5002E-01 -8.6889E-01
  Spatial order in (y,z):     0    0
        z->           1           2           3           4
     y    1  4.3451E+00  3.6595E+00  3.1600E+00  2.7959E+00
          2  2.9700E+00  2.6575E+00  2.4298E+00  2.2639E+00
          3  2.3432E+00  2.2008E+00  2.0970E+00  2.0213E+00
          4  2.0575E+00  1.9926E+00  1.9453E+00  1.9108E+00
  Spatial order in (y,z):     0    1
        z->           1           2           3           4
     y    1 -1.3307E-01 -9.6967E-02 -7.0660E-02 -5.1490E-02
          2 -6.0655E-02 -4.4199E-02 -3.2208E-02 -2.3470E-02
          3 -2.7647E-02 -2.0147E-02 -1.4681E-02 -1.0698E-02
          4 -1.2602E-02 -9.1831E-03 -6.6917E-03 -4.8763E-03
  Spatial order in (y,z):     1    0
        z->           1           2           3           4
     y    1 -3.2753E-01 -2.3867E-01 -1.7392E-01 -1.2673E-01
          2 -1.4929E-01 -1.0879E-01 -7.9274E-02 -5.7767E-02
          3 -6.8049E-02 -4.9587E-02 -3.6134E-02 -2.6331E-02
          4 -3.1018E-02 -2.2603E-02 -1.6471E-02 -1.2002E-02
  Spatial order in (y,z):     1    1
        z->           1           2           3           4
     y    1  1.7248E-02  1.2569E-02  9.1587E-03  6.6739E-03
          2  7.8619E-03  5.7289E-03  4.1747E-03  3.0421E-03
          3  3.5836E-03  2.6113E-03  1.9029E-03  1.3866E-03
          4  1.6334E-03  1.1903E-03  8.6736E-04  6.3204E-04
  (mu,eta,xi)=  -3.5002E-01 -3.5002E-01  8.6889E-01
  Spatial order in (y,z):     0    0
        z->           1           2           3           4
     y    1  1.9108E+00  1.9453E+00  1.9926E+00  2.0575E+00
          2  2.0213E+00  2.0970E+00  2.2008E+00  2.3432E+00
          3  2.2639E+00  2.4298E+00  2.6575E+00  2.9700E+00
          4  2.7959E+00  3.1600E+00  3.6595E+00  4.3451E+00
  Spatial order in (y,z):     0    1
        z->           1           2           3           4
     y    1  4.8763E-03  6.6917E-03  9.1831E-03  1.2602E-02
          2  1.0698E-02  1.4681E-02  2.0147E-02  2.7647E-02
          3  2.3470E-02  3.2208E-02  4.4199E-02  6.0655E-02
          4  5.1490E-02  7.0660E-02  9.6967E-02  1.3307E-01
  Spatial order in (y,z):     1    0
        z->           1           2           3           4
     y    1  1.2002E-02  1.6471E-02  2.2603E-02  3.1018E-02
          2  2.6331E-02  3.6134E-02  4.9587E-02  6.8049E-02
          3  5.7767E-02  7.9274E-02  1.0879E-01  1.4929E-01
          4  1.2673E-01  1.7392E-01  2.3867E-01  3.2753E-01
  Spatial order in (y,z):     1    1
        z->           1           2           3           4
     y    1  6.3204E-04  8.6736E-04  1.1903E-03  1.6334E-03
          2  1.3866E-03  1.9029E-03  2.6113E-03  3.5836E-03
          3  3.0421E-03  4.1747E-03  5.7289E-03  7.8619E-03
          4  6.6739E-03  9.1587E-03  1.2569E-02  1.7248E-02
  (mu,eta,xi)=  -3.5002E-01 -3.5002E-01 -8.6889E-01
  Spatial order in (y,z):     0    0
        z->           1           2           3           4
     y    1  2.0575E+00  1.9926E+00  1.9453E+00  1.9108E+00
          2  2.3432E+00  2.2008E+00  2.0970E+00  2.0213E+00
          3  2.9700E+00  2.6575E+00  2.4298E+00  2.2639E+00
          4  4.3451E+00  3.6595E+00  3.1600E+00  2.7959E+00
  Spatial order in (y,z):     0    1
        z->           1           2           3           4
     y    1 -1.2602E-02 -9.1831E-03 -6.6917E-03 -4.8763E-03
          2 -2.7647E-02 -2.0147E-02 -1.4681E-02 -1.0698E-02
          3 -6.0655E-02 -4.4199E-02 -3.2208E-02 -2.3470E-02
          4 -1.3307E-01 -9.6967E-02 -7.0660E-02 -5.1490E-02
  Spatial order in (y,z):     1    0
        z->           1           2           3           4
     y    1  3.1018E-02  2.2603E-02  1.6471E-02  1.2002E-02
          2  6.8049E-02  4.9587E-02  3.6134E-02  2.6331E-02
          3  1.4929E-01  1.0879E-01  7.9274E-02  5.7767E-02
          4  3.2753E-01  2.3867E-01  1.7392E-01  1.2673E-01
  Spatial order in (y,z):     1    1
        z->           1           2           3           4
     y    1 -1.6334E-03 -1.1903E-03 -8.6736E-04 -6.3204E-04
          2 -3.5836E-03 -2.6113E-03 -1.9029E-03 -1.3866E-03
          3 -7.8619E-03 -5.7289E-03 -4.1747E-03 -3.0421E-03
          4 -1.7248E-02 -1.2569E-02 -9.1587E-03 -6.6739E-03
 > Bottom boundary condition: 
  (mu,eta,xi)=   3.5002E-01  3.5002E-01  8.6889E-01
  Spatial order in (x,y):     0    0
        y->           1           2           3           4
     x    1  2.3939E+00  2.0806E+00  1.9378E+00  1.8727E+00
          2  2.0806E+00  1.9378E+00  1.8727E+00  1.8430E+00
          3  1.9378E+00  1.8727E+00  1.8430E+00  1.8295E+00
          4  1.8727E+00  1.8430E+00  1.8295E+00  1.8233E+00
  Spatial order in (x,y):     0    1
        y->           1           2           3           4
     x    1 -7.4620E-02 -3.4013E-02 -1.5504E-02 -7.0668E-03
          2 -3.4013E-02 -1.5504E-02 -7.0668E-03 -3.2212E-03
          3 -1.5504E-02 -7.0668E-03 -3.2212E-03 -1.4683E-03
          4 -7.0668E-03 -3.2212E-03 -1.4683E-03 -6.6926E-04
  Spatial order in (x,y):     1    0
        y->           1           2           3           4
     x    1 -7.4620E-02 -3.4013E-02 -1.5504E-02 -7.0668E-03
          2 -3.4013E-02 -1.5504E-02 -7.0668E-03 -3.2212E-03
          3 -1.5504E-02 -7.0668E-03 -3.2212E-03 -1.4683E-03
          4 -7.0668E-03 -3.2212E-03 -1.4683E-03 -6.6926E-04
