
ZAI = [
922340
922350
922360
922380
932370
942380
942390
942400
942410
942420
952410
952430
420990
430990
441010
451030
471090
551330
621470
621490
621500
621510
621520
601430
601450
631530
641550
666
0
];

NAMES = [
'U234            '
'U235            '
'U236            '
'U238            '
'Np237           '
'Pu238           '
'Pu239           '
'Pu240           '
'Pu241           '
'Pu242           '
'Am241           '
'Am243           '
'Mo99            '
'Tc99            '
'Ru101           '
'Rh103           '
'Ag109           '
'Cs133           '
'Sm147           '
'Sm149           '
'Sm150           '
'Sm151           '
'Sm152           '
'Nd143           '
'Nd145           '
'Eu153           '
'Gd155           '
'lost            '
'total           '
];

i922340 = 1; iU234             = 1;
i922350 = 2; iU235             = 2;
i922360 = 3; iU236             = 3;
i922380 = 4; iU238             = 4;
i932370 = 5; iNp237            = 5;
i942380 = 6; iPu238            = 6;
i942390 = 7; iPu239            = 7;
i942400 = 8; iPu240            = 8;
i942410 = 9; iPu241            = 9;
i942420 = 10; iPu242            = 10;
i952410 = 11; iAm241            = 11;
i952430 = 12; iAm243            = 12;
i420990 = 13; iMo99             = 13;
i430990 = 14; iTc99             = 14;
i441010 = 15; iRu101            = 15;
i451030 = 16; iRh103            = 16;
i471090 = 17; iAg109            = 17;
i551330 = 18; iCs133            = 18;
i621470 = 19; iSm147            = 19;
i621490 = 20; iSm149            = 20;
i621500 = 21; iSm150            = 21;
i621510 = 22; iSm151            = 22;
i621520 = 23; iSm152            = 23;
i601430 = 24; iNd143            = 24;
i601450 = 25; iNd145            = 25;
i631530 = 26; iEu153            = 26;
i641550 = 27; iGd155            = 27;
iLOST    = 28;
iTOT     = 29;

MAT_fuel_VOLUME = [ 5.33267E-01 5.33267E-01 ];

MAT_fuel_BURNUP = [ 0.00000E+00 1.00807E-01 ];

MAT_fuel_ADENS = [
6.15138E-06 6.14265E-06 % U234
6.89185E-04 6.86467E-04 % U235
3.16249E-06 3.64244E-06 % U236
2.17092E-02 2.17078E-02 % U238
0.00000E+00 1.00087E-09 % Np237
0.00000E+00 1.69096E-13 % Pu238
0.00000E+00 3.56041E-07 % Pu239
0.00000E+00 1.13589E-09 % Pu240
0.00000E+00 5.29733E-12 % Pu241
0.00000E+00 3.88702E-15 % Pu242
0.00000E+00 4.04478E-16 % Am241
0.00000E+00 7.63104E-19 % Am243
0.00000E+00 1.08190E-07 % Mo99
0.00000E+00 2.99999E-08 % Tc99
0.00000E+00 1.23207E-07 % Ru101
0.00000E+00 1.60976E-09 % Rh103
0.00000E+00 8.21694E-10 % Ag109
0.00000E+00 9.73327E-09 % Cs133
0.00000E+00 2.40964E-12 % Sm147
0.00000E+00 6.06488E-09 % Sm149
0.00000E+00 1.17636E-09 % Sm150
0.00000E+00 4.94662E-09 % Sm151
0.00000E+00 6.55295E-09 % Sm152
0.00000E+00 2.67444E-09 % Nd143
0.00000E+00 8.00441E-08 % Nd145
0.00000E+00 1.28419E-09 % Eu153
0.00000E+00 4.10440E-13 % Gd155
0.00000E+00 0.00000E+00 % lost data
6.72428E-02 6.72452E-02 % total
];

MAT_fuel_MDENS = [
2.39067E-03 2.38728E-03 % U234
2.68993E-01 2.67932E-01 % U235
1.23960E-03 1.42772E-03 % U236
8.58162E+00 8.58108E+00 % U238
0.00000E+00 3.93975E-07 % Np237
0.00000E+00 6.68433E-11 % Pu238
0.00000E+00 1.41335E-04 % Pu239
0.00000E+00 4.52793E-07 % Pu240
0.00000E+00 2.12047E-09 % Pu241
0.00000E+00 1.56240E-12 % Pu242
0.00000E+00 1.61909E-13 % Am241
0.00000E+00 3.08003E-16 % Am243
0.00000E+00 1.77695E-05 % Mo99
0.00000E+00 4.92720E-06 % Tc99
0.00000E+00 2.06446E-05 % Ru101
0.00000E+00 2.75077E-07 % Rh103
0.00000E+00 1.48598E-07 % Ag109
0.00000E+00 2.14812E-06 % Cs133
0.00000E+00 5.87862E-10 % Sm147
0.00000E+00 1.49977E-06 % Sm149
0.00000E+00 2.92850E-07 % Sm150
0.00000E+00 1.23966E-06 % Sm151
0.00000E+00 1.65313E-06 % Sm152
0.00000E+00 6.34674E-07 % Nd143
0.00000E+00 1.92616E-05 % Nd145
0.00000E+00 3.26104E-07 % Eu153
0.00000E+00 1.05590E-10 % Gd155
0.00000E+00 0.00000E+00 % lost data
1.00450E+01 1.00450E+01 % total
];

MAT_fuel_A = [
2.93247E+05 2.92830E+05 % U234
1.14697E+04 1.14245E+04 % U235
1.56296E+03 1.80016E+03 % U236
5.69124E+04 5.69088E+04 % U238
0.00000E+00 5.46797E+00 % Np237
0.00000E+00 2.25845E+01 % Pu238
0.00000E+00 1.72948E+05 % Pu239
0.00000E+00 2.02725E+03 % Pu240
0.00000E+00 4.32998E+03 % Pu241
0.00000E+00 1.21896E-04 % Pu242
0.00000E+00 1.09465E-02 % Am241
0.00000E+00 1.21363E-06 % Am243
0.00000E+00 1.68439E+11 % Mo99
0.00000E+00 1.66144E+03 % Tc99
0.00000E+00 0.00000E+00 % Ru101
0.00000E+00 0.00000E+00 % Rh103
0.00000E+00 0.00000E+00 % Ag109
0.00000E+00 0.00000E+00 % Cs133
0.00000E+00 2.63781E-07 % Sm147
0.00000E+00 3.55188E-08 % Sm149
0.00000E+00 0.00000E+00 % Sm150
0.00000E+00 6.11834E+05 % Sm151
0.00000E+00 0.00000E+00 % Sm152
0.00000E+00 0.00000E+00 % Nd143
0.00000E+00 0.00000E+00 % Nd145
0.00000E+00 0.00000E+00 % Eu153
0.00000E+00 0.00000E+00 % Gd155
0.00000E+00 0.00000E+00 % lost data
3.63192E+05 3.39431E+13 % total
];

MAT_fuel_H = [
2.28225E-07 2.27901E-07 % U234
8.59817E-09 8.56426E-09 % U235
1.14787E-09 1.32208E-09 % U236
3.89361E-08 3.89337E-08 % U238
0.00000E+00 4.34183E-12 % Np237
0.00000E+00 2.02362E-11 % Pu238
0.00000E+00 1.45374E-07 % Pu239
0.00000E+00 1.70700E-09 % Pu240
0.00000E+00 3.62277E-12 % Pu241
0.00000E+00 9.73372E-17 % Pu242
0.00000E+00 9.86354E-15 % Am241
0.00000E+00 1.05776E-18 % Am243
0.00000E+00 1.45725E-02 % Mo99
0.00000E+00 2.53631E-11 % Tc99
0.00000E+00 0.00000E+00 % Ru101
0.00000E+00 0.00000E+00 % Rh103
0.00000E+00 0.00000E+00 % Ag109
0.00000E+00 0.00000E+00 % Cs133
0.00000E+00 9.76685E-20 % Sm147
0.00000E+00 1.06399E-20 % Sm149
0.00000E+00 0.00000E+00 % Sm150
0.00000E+00 1.94589E-09 % Sm151
0.00000E+00 0.00000E+00 % Sm152
0.00000E+00 0.00000E+00 % Nd143
0.00000E+00 0.00000E+00 % Nd145
0.00000E+00 0.00000E+00 % Eu153
0.00000E+00 0.00000E+00 % Gd155
0.00000E+00 0.00000E+00 % lost data
2.76907E-07 1.18394E+01 % total
];

MAT_fuel_SF = [
4.98519E-06 4.97812E-06 % U234
8.25820E-07 8.22563E-07 % U235
1.40666E-06 1.62014E-06 % U236
3.10742E-02 3.10722E-02 % U238
0.00000E+00 0.00000E+00 % Np237
0.00000E+00 4.20071E-08 % Pu238
0.00000E+00 5.36138E-07 % Pu239
0.00000E+00 1.15553E-04 % Pu240
0.00000E+00 0.00000E+00 % Pu241
0.00000E+00 6.70429E-10 % Pu242
0.00000E+00 4.70699E-14 % Am241
0.00000E+00 4.49045E-17 % Am243
0.00000E+00 0.00000E+00 % Mo99
0.00000E+00 0.00000E+00 % Tc99
0.00000E+00 0.00000E+00 % Ru101
0.00000E+00 0.00000E+00 % Rh103
0.00000E+00 0.00000E+00 % Ag109
0.00000E+00 0.00000E+00 % Cs133
0.00000E+00 0.00000E+00 % Sm147
0.00000E+00 0.00000E+00 % Sm149
0.00000E+00 0.00000E+00 % Sm150
0.00000E+00 0.00000E+00 % Sm151
0.00000E+00 0.00000E+00 % Sm152
0.00000E+00 0.00000E+00 % Nd143
0.00000E+00 0.00000E+00 % Nd145
0.00000E+00 0.00000E+00 % Eu153
0.00000E+00 0.00000E+00 % Gd155
0.00000E+00 0.00000E+00 % lost data
3.10814E-02 3.11957E-02 % total
];

MAT_fuel_GSRC = [
3.33971E+04 3.33497E+04 % U234
1.44921E+04 1.44349E+04 % U235
1.50012E+02 1.72778E+02 % U236
5.03980E+03 5.03948E+03 % U238
0.00000E+00 5.01219E+00 % Np237
0.00000E+00 2.75817E+00 % Pu238
0.00000E+00 1.06298E+04 % Pu239
0.00000E+00 2.18749E+02 % Pu240
0.00000E+00 1.14969E-01 % Pu241
0.00000E+00 1.20667E-05 % Pu242
0.00000E+00 8.69393E-03 % Am241
0.00000E+00 1.15679E-06 % Am243
0.00000E+00 5.68543E+10 % Mo99
0.00000E+00 1.92928E-02 % Tc99
0.00000E+00 0.00000E+00 % Ru101
0.00000E+00 0.00000E+00 % Rh103
0.00000E+00 0.00000E+00 % Ag109
0.00000E+00 0.00000E+00 % Cs133
0.00000E+00 0.00000E+00 % Sm147
0.00000E+00 0.00000E+00 % Sm149
0.00000E+00 0.00000E+00 % Sm150
0.00000E+00 9.72535E+02 % Sm151
0.00000E+00 0.00000E+00 % Sm152
0.00000E+00 0.00000E+00 % Nd143
0.00000E+00 0.00000E+00 % Nd145
0.00000E+00 0.00000E+00 % Eu153
0.00000E+00 0.00000E+00 % Gd155
0.00000E+00 0.00000E+00 % lost data
5.30790E+04 3.77425E+13 % total
];

